Multiple size <= 100
TEST 1 ARG:77 13 82 95 90 48 4 53 25 32 28 86 49 2 21 91 72 44 71 51 83 76 55 98 0 81 52 73 70 56 11 58 62 93 24 42 12 38 64 94 59 54 31 78 57 19 35 39 88 10 3 43 87 40 96 69 37 46 75 15 65 45 89 7 99 68 14 66 29 79 9 97 74 8 67 1 6 80 18 26 41 85 47 16 27 30 20 17 23 50 60 61 92 22 84 36 33 63 5 34 
TEST 2 ARG:68 39 94 72 49 23 33 5 8 87 1 3 55 82 89 45 75 65 20 50 97 74 98 85 42 46 52 13 12 76 67 37 0 29 60 80 27 11 59 43 17 92 26 30 79 54 73 36 48 16 40 93 77 21 10 6 83 41 90 18 62 96 22 31 14 84 15 53 69 44 95 34 38 4 47 58 25 61 64 28 86 66 88 24 35 63 57 32 71 81 70 99 19 9 91 56 2 51 7 78 
TEST 3 ARG:39 99 36 12 70 98 38 4 51 15 13 75 59 76 63 23 37 77 42 6 56 18 30 79 21 47 58 88 9 50 19 57 67 93 5 82 78 44 29 92 7 32 94 87 45 8 33 74 68 71 3 1 53 34 0 89 62 27 80 41 55 95 43 35 26 31 65 48 52 2 64 49 90 40 86 54 69 60 84 73 61 10 91 16 22 20 14 66 85 81 24 25 17 97 46 83 96 28 72 11 
TEST 4 ARG:73 36 80 89 41 72 21 78 91 31 28 16 45 81 2 82 19 57 17 60 24 56 9 55 61 10 92 67 77 93 99 50 97 75 65 11 94 15 87 63 29 58 42 27 64 6 98 85 38 51 68 22 32 96 83 39 53 74 79 49 62 95 0 66 33 14 90 12 52 84 5 7 1 48 35 76 43 20 71 3 26 70 13 34 47 69 44 23 86 4 40 54 46 30 37 18 25 59 88 8 
TEST 5 ARG:68 47 49 11 89 4 70 44 57 82 48 62 55 79 92 86 67 20 94 93 10 78 29 50 63 18 35 6 40 12 33 71 95 13 24 8 91 83 38 80 21 72 85 23 5 99 9 77 64 66 34 75 31 39 69 26 17 51 84 74 87 81 28 59 46 2 27 19 54 88 1 96 52 97 32 36 25 45 43 14 37 30 42 0 60 90 22 3 41 98 58 56 16 15 7 53 76 61 65 73 
TEST 6 ARG:37 78 1 32 41 22 2 81 46 94 54 24 97 13 56 72 20 90 84 39 60 17 51 45 9 71 26 83 18 92 59 6 48 66 57 95 4 91 30 14 88 36 47 76 3 69 85 49 65 89 52 77 42 75 8 53 16 0 25 73 27 44 28 98 5 21 99 11 34 15 58 87 96 68 82 7 23 93 38 55 74 64 62 35 70 19 29 50 31 40 86 43 12 67 61 33 79 80 63 10 
TEST 7 ARG:40 56 79 1 91 65 25 17 24 43 11 76 80 33 29 45 70 46 89 35 22 14 61 71 27 20 18 53 21 73 99 81 94 47 48 37 6 62 86 34 2 26 84 4 59 44 67 66 9 12 75 64 60 85 16 13 96 51 42 32 54 90 98 58 10 50 57 55 41 3 77 82 87 63 31 8 92 49 19 36 95 30 68 83 69 0 38 5 74 7 28 88 15 72 39 97 52 78 23 93 
TEST 8 ARG:38 95 88 40 18 26 42 81 96 46 74 73 21 8 0 41 17 4 75 84 2 90 93 6 64 35 87 82 92 47 19 34 49 77 48 20 1 44 69 11 99 51 89 59 31 36 57 10 28 32 56 12 52 72 91 24 58 54 66 98 13 85 15 45 97 23 16 33 83 71 39 78 61 68 5 79 27 94 86 14 62 30 43 53 29 3 50 37 80 25 9 60 63 76 7 55 65 22 70 67 
TEST 9 ARG:40 53 57 86 14 76 32 88 41 83 62 61 78 58 5 29 8 7 74 12 51 0 63 34 56 20 64 24 87 99 46 25 48 23 18 36 96 28 6 67 98 45 27 97 31 89 19 17 77 1 66 59 49 80 75 85 30 33 73 4 43 52 9 15 21 81 26 35 70 50 69 2 60 94 71 95 84 42 10 91 68 39 79 37 47 65 11 3 16 90 44 82 92 22 13 54 38 93 72 55 
TEST 10 ARG:23 69 65 34 35 40 22 61 28 24 1 49 83 43 20 44 63 66 57 99 0 91 32 92 74 93 11 50 26 77 87 39 47 2 71 80 46 5 31 9 45 94 51 38 21 86 78 55 36 37 19 27 33 81 59 14 70 53 3 25 54 84 48 79 82 52 4 60 85 8 16 41 17 96 6 13 75 30 42 76 67 98 90 68 89 73 15 56 97 95 7 72 64 18 62 10 88 58 29 12 
TEST 11 ARG:63 23 86 3 52 71 67 18 48 45 33 53 24 7 31 50 80 89 79 55 40 28 29 10 47 64 83 14 0 56 74 19 76 6 99 78 87 22 94 44 84 85 61 11 51 8 37 88 9 75 62 60 32 96 93 59 92 13 54 57 81 30 2 12 58 35 66 25 91 82 70 46 65 69 90 1 97 38 77 73 20 34 39 17 49 68 72 43 95 41 5 98 36 21 15 42 26 16 4 27 
TEST 12 ARG:29 46 78 91 61 51 58 77 94 37 85 27 62 66 24 83 42 48 41 12 23 81 56 28 88 7 70 74 86 52 14 63 84 75 6 1 9 53 8 64 87 55 54 16 99 31 67 38 89 73 15 35 76 26 44 34 72 18 93 80 11 22 32 13 69 60 59 98 57 19 45 95 17 0 39 10 5 79 97 25 40 50 82 92 2 20 33 96 30 47 71 3 4 49 68 90 21 36 43 65 
TEST 13 ARG:59 16 95 6 32 61 60 86 98 21 64 35 79 71 18 14 83 28 75 11 12 51 3 56 20 68 84 97 58 49 93 8 72 92 70 42 34 80 85 31 53 1 27 54 73 15 19 5 74 66 48 40 78 33 90 29 77 39 9 94 91 2 47 50 89 99 24 23 46 37 57 76 52 0 96 26 43 22 69 41 25 30 4 88 82 81 7 10 17 36 45 65 67 87 13 38 63 44 62 55 
TEST 14 ARG:12 75 50 23 19 84 81 8 0 80 61 52 10 40 27 41 65 9 16 70 67 18 57 11 42 56 88 15 4 24 7 99 96 64 94 91 95 25 44 31 71 26 97 72 21 87 6 33 37 13 59 47 92 22 93 68 77 45 62 86 51 43 30 2 83 14 3 34 29 17 5 32 46 35 63 98 58 28 85 74 36 60 90 79 73 53 78 69 48 54 82 20 39 49 76 1 55 66 89 38 
TEST 15 ARG:12 89 70 32 97 41 5 19 18 29 33 60 47 79 35 94 23 27 37 31 4 8 28 34 95 57 93 0 42 52 46 9 55 1 59 81 80 36 24 22 83 75 73 44 62 40 51 58 63 74 20 54 45 11 39 56 67 50 10 16 78 17 96 49 98 65 77 15 84 68 90 14 61 53 13 91 25 26 3 76 38 71 69 99 2 82 7 21 85 43 92 64 88 6 72 66 86 30 48 87 
TEST 16 ARG:43 97 30 13 56 63 32 62 93 99 40 75 27 81 41 38 86 76 16 91 23 34 79 11 88 33 12 19 14 28 0 44 95 21 15 65 52 36 98 92 10 17 9 96 71 26 37 48 80 55 8 39 61 42 46 24 49 67 89 45 66 6 51 64 60 84 59 31 78 69 77 25 90 29 54 94 58 87 68 57 82 22 85 50 53 7 4 2 74 83 72 18 5 20 3 35 1 70 47 73 
TEST 17 ARG:41 12 95 7 92 45 59 27 2 26 90 91 15 79 16 22 18 17 60 9 76 86 85 44 94 83 68 93 50 89 33 51 43 5 66 38 46 82 47 4 58 53 21 1 31 67 3 57 23 80 52 74 24 65 71 56 72 96 49 0 20 39 42 63 88 8 61 34 54 13 73 69 40 70 28 87 35 78 77 84 36 99 11 10 64 75 37 25 14 98 55 48 29 19 81 32 97 30 6 62 
TEST 18 ARG:95 62 79 47 19 85 55 71 41 69 92 9 21 91 22 83 97 61 27 60 36 73 17 70 31 8 26 7 74 48 13 15 72 84 80 10 43 38 1 65 66 94 81 50 53 46 59 96 86 93 82 28 16 99 57 67 87 11 45 76 58 5 51 6 20 30 32 2 14 44 12 4 35 24 52 29 63 90 78 88 40 0 42 56 23 34 37 64 3 25 77 75 98 33 49 39 54 18 89 68 
TEST 19 ARG:53 30 35 81 52 19 10 75 77 62 7 69 94 18 38 90 89 66 31 22 59 3 39 61 14 48 1 41 27 16 2 5 40 82 8 51 46 70 43 57 99 25 33 11 84 26 36 98 97 95 37 67 45 42 13 63 60 86 79 32 85 64 83 6 24 47 50 96 78 71 87 17 74 21 9 54 28 91 93 76 58 49 20 92 56 73 80 44 68 0 12 15 72 88 65 29 34 55 4 23 
TEST 20 ARG:83 74 59 8 31 45 65 36 49 44 84 99 66 42 6 35 82 62 0 85 33 22 60 5 26 24 98 10 56 89 2 37 48 50 39 95 40 19 55 71 96 23 87 11 14 1 51 32 18 97 94 77 88 16 73 91 52 70 57 68 30 86 58 13 72 64 34 21 81 12 38 63 7 3 25 54 27 53 29 80 47 75 76 79 69 43 78 15 28 9 41 67 46 92 20 4 93 90 17 61 
TEST 21 ARG:81 51 9 85 72 27 54 23 19 38 99 24 87 61 15 7 30 91 49 3 26 25 46 12 93 80 75 56 71 90 2 78 84 31 64 52 97 89 10 22 82 6 48 14 5 20 63 39 29 79 95 42 88 4 62 57 21 32 11 45 17 74 76 66 36 59 65 92 98 69 67 28 44 55 83 60 68 34 96 8 94 73 13 0 40 77 43 41 50 58 47 18 37 53 35 33 1 86 16 70 
TEST 22 ARG:98 27 5 40 86 68 13 63 74 34 26 25 32 83 4 8 69 78 88 61 70 23 41 96 60 22 54 75 93 47 73 33 16 64 42 10 36 19 91 65 97 84 76 14 81 15 1 24 48 21 2 90 6 50 85 31 67 49 3 55 29 17 45 9 58 57 56 94 37 95 38 77 82 12 43 39 51 52 87 80 0 35 62 66 11 46 71 7 44 30 18 20 53 72 79 28 59 92 89 99 
TEST 23 ARG:21 22 12 55 81 87 93 5 80 2 77 85 3 49 35 28 18 83 65 79 15 53 4 89 26 74 91 63 45 58 68 54 24 25 32 82 56 46 61 57 73 48 52 75 51 10 95 7 66 69 8 38 11 1 14 23 6 27 20 67 96 90 39 76 50 9 0 97 94 44 59 30 99 47 29 92 13 40 43 70 84 41 36 98 60 88 72 33 19 64 42 31 78 86 17 71 37 62 34 16 
TEST 24 ARG:51 78 17 20 13 82 38 99 65 18 77 44 92 85 49 62 14 1 64 79 59 5 97 25 69 4 32 94 37 39 6 19 84 81 96 42 54 58 30 16 48 98 45 90 7 23 34 40 91 86 29 2 9 24 15 74 10 28 53 61 33 21 31 60 27 80 63 72 35 43 67 75 71 95 50 36 12 3 8 93 22 70 66 26 0 41 89 11 83 56 52 47 87 46 73 57 88 68 55 76 
TEST 25 ARG:38 33 55 84 22 43 90 57 99 83 50 56 73 85 89 63 12 98 71 69 16 78 81 74 70 58 1 41 97 59 2 29 87 27 26 13 75 8 30 21 42 37 19 9 86 67 25 10 49 76 93 17 96 28 23 91 5 72 35 51 7 53 68 77 60 32 6 15 62 79 80 0 95 20 66 46 92 64 44 88 45 61 82 34 39 36 24 54 11 47 48 94 52 65 14 31 18 40 3 4 
TEST 26 ARG:6 7 78 9 28 51 15 8 89 59 95 42 94 45 77 50 92 69 16 74 26 25 61 80 2 75 83 27 88 18 14 67 76 39 86 36 82 57 54 19 43 0 34 84 87 85 33 97 17 13 68 81 60 93 79 63 98 21 90 66 65 73 22 30 64 91 20 47 46 38 49 31 72 3 70 5 62 55 29 52 40 4 99 35 58 37 41 53 32 96 1 44 12 11 10 56 24 23 48 71 
TEST 27 ARG:32 98 20 4 41 61 87 59 16 78 36 95 8 82 26 69 30 52 31 53 14 90 86 43 84 74 29 40 42 7 0 34 83 39 81 54 68 76 19 11 72 6 97 47 17 15 24 94 23 66 25 12 46 13 85 77 62 18 55 70 65 48 37 96 88 2 75 63 1 28 22 10 9 35 51 5 27 50 64 67 99 91 57 44 56 89 79 71 21 93 33 92 49 58 60 73 3 80 45 38 
TEST 28 ARG:39 60 11 32 55 49 85 15 52 24 94 22 19 93 38 31 99 68 43 16 73 0 37 47 13 82 64 40 53 61 48 20 98 34 5 76 88 89 8 63 57 36 69 66 54 18 58 26 14 4 81 75 70 80 2 46 56 74 23 28 96 44 67 9 6 21 65 27 86 29 78 87 42 12 62 83 17 59 95 71 79 35 3 30 25 97 45 91 92 72 1 51 41 84 10 77 7 33 90 50 
TEST 29 ARG:38 25 47 60 9 67 24 46 77 37 96 43 81 52 33 4 34 71 15 89 85 72 70 39 55 84 88 21 45 40 29 13 22 54 82 32 87 19 49 99 6 93 61 35 79 30 56 16 10 17 42 86 11 64 1 73 5 59 83 63 91 53 2 68 78 75 95 3 57 92 69 26 23 12 7 97 20 80 36 27 76 90 98 65 51 31 94 58 18 74 28 50 66 48 62 41 8 44 14 0 
TEST 30 ARG:75 53 88 44 92 63 3 94 36 37 67 65 73 2 26 42 16 68 98 69 78 81 38 47 85 66 29 5 56 27 49 34 86 71 19 15 14 90 7 76 23 13 0 50 10 41 30 80 59 99 79 57 25 31 62 91 95 83 39 87 70 21 48 43 9 58 32 61 22 51 52 12 77 93 4 45 11 8 54 33 84 17 89 40 82 55 96 35 74 18 1 20 46 6 64 60 24 97 72 28 
TEST 31 ARG:32 8 69 40 53 24 81 45 41 52 86 93 9 83 74 76 96 71 14 16 7 49 27 56 42 88 68 20 5 98 22 79 90 19 57 3 4 33 99 38 67 35 92 26 58 29 97 72 18 66 73 50 84 91 87 2 36 61 95 78 43 89 34 39 13 64 55 0 60 1 75 37 85 28 46 30 47 31 77 48 6 51 12 94 62 63 21 10 82 23 54 65 59 70 80 11 17 15 25 44 
TEST 32 ARG:20 62 3 52 18 71 77 44 53 65 49 32 43 83 67 14 87 94 97 34 91 55 4 72 1 92 69 56 21 39 70 40 96 15 12 23 51 66 50 82 33 31 24 29 81 89 95 38 74 9 41 64 17 13 98 19 26 78 85 7 59 80 42 47 10 68 30 36 2 93 86 79 54 48 22 63 28 99 5 37 35 90 45 58 6 8 0 11 84 27 75 16 60 25 46 76 73 57 61 88 
TEST 33 ARG:76 73 36 88 79 8 78 99 51 92 61 43 39 77 1 66 42 96 0 54 38 26 60 15 72 27 14 68 32 82 29 30 47 90 94 4 98 16 65 95 19 53 87 55 10 57 6 9 58 48 40 91 45 37 22 84 64 34 25 70 50 24 49 33 21 59 23 18 67 81 80 31 74 17 52 89 93 12 35 44 20 3 62 13 85 46 69 5 97 2 86 7 71 41 75 83 28 11 56 63 
TEST 34 ARG:24 84 25 53 20 76 94 55 28 6 68 50 34 91 71 86 27 13 61 62 70 57 64 37 92 45 8 33 51 32 18 65 80 26 87 73 30 36 46 93 96 95 66 90 14 97 39 5 3 49 63 0 54 44 31 58 21 72 88 89 10 4 98 19 35 77 22 74 67 41 81 59 99 52 2 75 16 12 83 69 85 47 17 79 82 40 42 1 78 60 15 48 56 23 38 9 7 29 11 43 
TEST 35 ARG:37 78 51 16 81 80 20 48 60 73 97 90 31 92 34 25 84 85 63 49 99 17 77 55 59 93 61 88 95 3 9 57 23 19 98 29 44 4 43 10 5 54 53 82 96 0 8 64 13 1 40 22 32 50 66 39 65 70 79 6 52 87 41 45 11 33 67 35 28 36 21 94 7 24 74 14 47 83 27 58 89 75 72 86 76 68 91 12 30 56 42 71 62 38 26 46 15 18 2 69 
TEST 36 ARG:60 15 50 66 88 83 79 92 49 41 13 47 29 96 17 37 99 70 48 69 20 90 16 24 38 63 82 35 91 2 28 52 77 94 31 42 76 10 84 73 26 32 9 40 23 51 12 65 74 93 0 7 57 71 43 89 87 85 33 22 81 30 78 25 46 54 45 86 97 27 6 44 67 53 14 62 11 5 95 55 34 59 56 75 1 98 4 72 64 21 58 61 19 8 18 39 3 68 36 80 
TEST 37 ARG:29 13 65 21 56 77 49 70 63 88 76 60 3 54 35 12 42 20 61 11 50 74 80 2 16 94 55 8 47 15 83 62 44 72 96 58 7 1 90 52 82 78 79 41 40 37 57 32 27 36 67 48 30 92 97 5 75 99 28 85 87 89 26 73 71 64 6 69 86 17 53 33 81 9 34 46 39 59 0 51 38 18 31 93 45 98 91 66 24 68 95 43 25 23 84 19 4 22 14 10 
TEST 38 ARG:12 80 11 66 48 69 40 31 94 98 28 91 41 45 26 44 79 14 84 36 90 82 9 3 93 52 50 65 74 37 67 61 51 87 38 55 25 53 75 18 73 58 15 20 81 56 83 27 77 71 85 35 22 60 72 95 6 10 34 32 62 46 4 49 42 1 47 21 54 68 5 13 70 86 89 43 99 39 8 57 29 30 97 7 33 96 17 24 19 2 23 59 64 78 0 88 63 16 92 76 
TEST 39 ARG:78 33 12 22 11 4 9 92 45 2 79 19 39 24 0 13 63 30 51 66 14 3 62 88 80 96 89 17 99 26 38 16 25 83 7 87 6 27 49 76 64 72 21 75 67 35 50 71 8 1 59 5 61 86 65 56 82 29 54 98 81 42 10 93 55 91 68 95 84 85 90 36 69 41 47 40 18 48 60 73 34 31 77 74 57 32 70 97 20 23 94 44 46 52 43 37 28 53 15 58 
TEST 40 ARG:69 19 30 1 5 61 80 86 44 56 64 31 49 60 7 89 26 87 6 12 9 57 45 39 85 76 22 82 91 77 71 32 48 93 18 36 84 81 63 2 54 79 52 99 50 28 67 62 83 23 97 74 94 88 72 51 10 42 13 35 78 98 47 92 11 24 33 75 96 20 3 34 4 40 14 68 46 55 38 43 8 27 16 70 17 0 21 58 65 29 59 95 25 37 15 53 41 73 90 66 
TEST 41 ARG:38 17 48 40 75 72 10 8 19 3 62 23 97 50 35 89 93 65 42 98 61 2 85 51 37 56 7 25 90 77 94 34 28 0 67 95 59 70 1 99 26 11 43 49 41 12 21 29 39 45 33 81 22 32 66 68 6 78 96 31 16 55 91 18 5 53 69 84 87 92 9 80 60 46 54 36 86 82 4 63 71 14 83 13 20 79 57 52 27 44 24 15 64 74 47 30 73 76 88 58 
TEST 42 ARG:7 45 95 56 69 4 22 39 42 48 12 80 86 81 71 55 31 0 73 59 28 70 97 34 52 93 65 40 94 44 32 63 35 54 74 98 17 26 99 57 38 29 14 46 64 23 19 27 68 58 51 96 47 90 5 37 13 84 87 53 76 36 79 33 30 6 15 43 88 3 8 11 92 50 66 89 49 91 20 83 77 61 41 25 60 16 9 2 85 62 18 78 21 72 10 67 82 1 75 24 
TEST 43 ARG:31 48 62 52 65 10 95 92 89 50 46 35 18 53 0 80 41 21 43 70 42 71 16 6 83 27 88 87 28 67 39 3 13 29 61 7 64 22 24 69 55 45 60 68 44 54 37 58 30 75 49 2 74 84 93 96 73 63 59 91 23 17 86 97 34 81 4 47 20 85 14 90 79 40 5 32 94 98 15 78 82 8 76 66 36 33 38 11 26 25 56 9 99 51 19 12 77 72 1 57 
TEST 44 ARG:46 91 24 10 57 77 38 69 96 99 64 82 67 66 26 89 74 27 0 44 56 21 45 20 60 68 34 33 95 5 32 70 72 76 7 55 19 62 9 84 48 54 29 14 61 6 25 79 8 13 17 47 1 80 94 22 43 52 86 88 53 3 90 16 98 40 81 15 4 92 85 30 65 97 59 18 51 36 87 42 35 73 12 37 49 23 93 31 83 2 75 63 71 50 78 11 58 41 28 39 
TEST 45 ARG:52 24 0 39 76 6 33 53 75 26 64 58 85 41 16 95 27 18 31 65 91 90 14 69 54 73 87 12 49 81 99 34 71 57 20 30 10 7 83 35 50 72 59 89 70 45 74 15 32 47 21 51 93 78 19 38 42 43 8 3 48 88 9 22 92 96 36 61 5 79 63 67 25 4 17 66 37 94 62 77 46 60 2 80 86 98 29 82 40 11 56 1 44 55 84 97 28 68 23 13 
TEST 46 ARG:14 2 98 23 67 15 47 28 84 31 93 64 18 48 45 49 12 46 0 85 88 34 5 37 80 96 57 33 24 56 19 44 7 53 75 86 94 74 21 9 38 16 4 25 10 99 6 79 32 71 72 90 69 78 92 52 82 36 58 59 35 68 63 3 1 54 97 20 26 42 76 70 65 43 30 73 62 22 61 87 81 89 77 83 95 39 29 27 66 8 91 50 60 41 40 13 17 55 51 11 
TEST 47 ARG:83 16 10 69 51 26 59 44 92 1 53 23 60 90 9 42 55 58 95 15 3 57 71 8 4 36 14 46 87 70 62 0 64 45 78 43 61 96 41 18 39 74 67 27 76 84 97 79 49 19 63 31 98 33 28 99 72 5 52 20 22 81 35 94 68 73 34 75 11 54 38 91 13 17 65 25 48 82 21 93 12 24 77 6 37 50 30 66 47 29 85 7 80 88 86 40 89 32 56 2 
TEST 48 ARG:44 48 55 98 18 62 19 49 32 95 97 63 67 87 64 9 53 13 23 0 41 80 5 21 75 6 77 86 74 33 31 46 65 70 35 36 56 73 8 12 99 22 88 76 26 29 39 94 89 90 71 82 30 50 27 2 47 1 11 92 93 20 91 24 38 14 16 69 7 15 66 10 43 34 79 25 4 58 81 40 57 85 54 42 51 52 61 78 84 3 45 60 17 59 28 83 68 96 72 37 
TEST 49 ARG:37 89 18 48 39 50 41 1 58 67 29 3 78 68 97 59 15 13 42 84 56 85 17 47 76 72 19 66 53 0 33 5 11 60 79 14 87 65 82 30 31 45 77 83 35 51 90 28 10 25 64 12 62 36 46 57 21 99 70 94 8 4 43 86 6 75 92 44 91 40 20 63 93 26 34 54 69 98 22 52 2 55 38 49 9 61 95 81 23 16 24 88 27 32 7 73 80 96 74 71 
TEST 50 ARG:11 38 59 26 42 72 66 24 13 78 83 28 79 9 80 65 8 89 94 96 75 35 32 39 74 31 85 46 20 82 6 58 47 99 56 17 54 63 30 76 62 69 51 95 25 22 41 88 19 81 68 84 77 2 91 55 27 90 87 21 45 70 29 12 97 73 16 37 7 43 40 67 10 3 71 34 93 1 92 64 53 5 44 61 36 4 49 14 57 50 18 33 15 98 86 0 52 48 60 23 
TEST 51 ARG:2 60 11 56 10 55 96 14 86 80 63 82 66 83 98 54 40 94 88 4 62 12 93 81 31 22 59 61 85 20 69 17 73 46 65 24 71 78 33 50 19 15 68 89 51 5 87 90 44 35 43 76 84 67 30 8 49 9 13 1 42 70 41 77 99 6 28 25 48 92 97 23 58 91 52 32 7 64 79 26 72 37 29 36 38 45 39 27 34 16 18 53 57 47 3 0 95 75 21 74 
TEST 52 ARG:49 63 42 29 56 64 68 85 77 58 0 81 15 35 10 74 7 5 25 8 65 70 22 40 32 33 21 80 98 82 78 1 86 31 6 30 13 3 19 97 94 71 83 44 11 96 88 26 55 59 75 53 41 89 28 67 37 60 69 66 76 4 90 9 39 93 92 27 87 61 38 16 12 45 24 20 73 99 95 72 14 43 50 46 34 79 54 51 57 2 17 23 91 62 47 52 18 48 84 36 
TEST 53 ARG:1 39 20 4 80 3 2 62 64 14 52 82 53 69 8 75 40 78 38 65 28 46 10 70 50 92 73 9 7 37 21 79 76 17 94 43 27 36 85 74 60 32 96 89 18 97 6 13 83 24 48 84 57 41 16 87 54 68 35 12 19 44 67 47 33 25 71 11 93 49 31 63 34 95 45 26 99 42 29 61 88 86 59 72 98 30 81 22 58 0 5 56 66 55 23 77 15 91 51 90 
TEST 54 ARG:53 28 57 81 35 21 88 8 22 78 94 67 32 43 83 66 4 85 75 12 0 37 19 41 48 10 96 50 90 54 62 56 52 24 93 7 36 80 73 5 68 99 89 65 71 39 34 55 91 38 30 63 6 49 2 64 97 98 77 69 72 27 25 15 79 18 45 11 31 70 3 84 1 76 82 86 40 87 46 59 74 17 47 20 13 23 44 9 60 42 16 33 95 61 26 51 92 14 58 29 
TEST 55 ARG:15 92 13 18 3 45 46 61 41 27 99 74 37 73 53 29 16 72 12 6 77 8 31 93 63 79 69 85 70 22 89 36 34 49 17 60 94 23 7 19 54 38 59 43 84 11 78 71 75 33 67 9 21 40 51 5 64 35 96 58 44 81 66 56 26 20 28 95 50 82 91 86 57 88 98 80 62 2 83 52 42 90 97 48 39 14 76 65 10 0 87 4 55 32 30 1 24 68 47 25 
TEST 56 ARG:54 60 69 27 19 4 31 59 93 77 67 78 16 55 51 70 79 75 7 43 36 86 29 20 96 92 71 56 11 49 46 90 45 68 23 3 39 50 13 38 52 6 84 65 34 94 98 42 5 26 25 44 95 82 73 80 37 61 87 24 2 28 40 22 32 85 17 35 88 10 97 41 62 9 58 91 14 89 63 33 72 30 12 64 99 53 76 74 48 18 21 0 8 57 47 83 1 15 81 66 
TEST 57 ARG:41 13 29 59 31 32 86 93 69 5 79 25 33 84 2 38 77 45 56 83 39 89 95 28 30 87 46 73 71 50 85 66 43 37 67 65 57 14 44 40 0 80 21 72 54 94 88 81 99 34 51 55 20 27 3 18 98 48 82 1 8 36 58 6 53 22 90 15 4 12 76 92 19 91 16 9 26 63 47 70 68 35 23 74 75 60 62 49 7 78 17 61 64 52 11 97 42 24 96 10 
TEST 58 ARG:79 28 31 42 17 87 72 26 84 20 34 65 15 2 5 59 63 94 73 77 76 19 10 98 57 41 14 58 50 9 6 7 21 97 3 23 53 66 90 38 27 83 70 36 88 35 82 0 78 89 99 1 18 95 4 45 92 44 22 11 47 48 67 61 68 16 55 43 91 24 40 75 96 81 33 8 52 46 39 25 69 51 32 86 74 80 85 30 60 56 29 13 71 54 12 64 37 62 93 49 
TEST 59 ARG:38 67 73 55 20 28 3 94 4 7 61 69 93 26 44 10 0 81 42 6 21 74 85 15 8 41 52 65 36 83 68 51 34 17 30 49 64 87 80 70 58 57 24 25 33 59 79 71 13 16 23 84 66 35 90 86 11 14 32 19 5 37 60 88 98 78 1 72 2 96 47 92 99 91 46 9 89 29 39 95 48 62 31 45 18 76 50 63 27 40 43 53 12 56 97 77 75 54 22 82 
TEST 60 ARG:78 69 90 94 65 30 23 57 47 86 91 67 79 25 70 13 1 39 31 87 50 95 66 62 92 83 5 26 38 63 46 49 43 32 40 12 80 2 73 51 4 28 99 42 93 72 48 24 74 75 20 98 82 76 44 7 68 0 9 17 96 55 37 29 71 59 89 15 54 18 14 88 53 97 60 16 22 61 11 6 77 52 41 56 36 85 64 21 84 81 8 19 45 35 34 33 58 10 27 3 
TEST 61 ARG:97 58 25 68 17 59 0 87 69 48 73 10 81 47 85 63 6 89 21 62 8 41 80 78 19 38 35 53 77 7 66 96 36 72 82 92 54 43 44 98 74 20 34 4 99 31 94 16 2 28 39 11 95 15 33 84 70 79 51 32 46 29 40 24 57 45 27 49 86 50 64 90 61 52 12 60 22 1 5 26 76 9 75 83 67 23 71 55 30 37 42 56 91 65 88 18 3 13 93 14 
TEST 62 ARG:8 17 28 99 85 34 19 97 61 16 93 33 44 90 87 56 13 83 94 51 12 75 69 49 50 5 78 37 76 43 31 32 66 42 86 77 2 62 35 89 58 45 14 4 7 64 27 52 6 29 67 20 10 57 0 84 73 24 79 39 81 21 63 68 91 18 92 36 53 95 46 71 25 11 82 47 70 38 30 9 72 26 74 55 54 98 23 1 60 65 40 22 59 88 80 3 15 48 96 41 
TEST 63 ARG:18 67 76 36 10 50 4 80 53 28 97 38 0 21 15 6 11 91 89 72 46 77 16 23 47 40 93 29 27 94 75 79 39 54 3 14 7 81 44 30 98 9 85 57 65 32 20 88 49 95 71 62 41 92 45 52 83 34 26 5 70 99 13 24 78 63 56 2 17 51 58 22 96 48 31 19 35 59 61 86 25 69 37 74 33 87 12 82 55 84 1 68 90 73 64 42 60 8 66 43 
TEST 64 ARG:2 66 25 94 24 98 23 90 84 77 68 58 64 36 33 31 43 4 72 34 95 6 92 70 69 82 12 55 91 48 50 16 27 97 96 49 18 39 86 80 42 9 14 57 89 62 56 74 51 83 28 54 93 75 5 81 78 45 59 41 79 87 61 76 67 3 10 46 99 71 38 65 22 0 35 53 40 19 21 63 37 29 73 15 44 32 30 1 26 7 47 20 8 60 52 85 17 11 13 88 
TEST 65 ARG:12 28 69 61 51 2 41 90 93 8 19 40 26 35 45 17 34 68 72 21 70 94 33 9 60 80 27 1 13 46 25 62 57 29 64 48 5 18 71 16 55 91 53 82 39 75 14 38 84 3 42 85 81 98 56 77 52 99 59 89 36 30 11 95 22 24 58 66 76 20 15 79 87 96 7 97 74 73 78 0 43 67 65 88 54 31 6 50 37 63 10 4 32 49 86 44 47 92 83 23 
TEST 66 ARG:10 99 78 57 30 29 86 87 44 69 17 75 88 95 15 18 84 46 9 60 1 38 70 50 35 89 37 76 43 82 64 77 97 2 22 28 5 7 21 19 34 85 48 23 47 11 26 81 71 39 65 42 55 25 80 59 16 93 40 41 98 36 6 73 27 90 56 53 62 52 92 54 51 12 8 68 72 79 14 3 94 32 67 58 91 31 24 4 74 13 83 96 63 20 45 49 33 61 66 0 
TEST 67 ARG:87 89 31 50 8 95 78 61 92 84 70 39 69 26 45 9 57 56 66 32 80 46 27 91 55 38 93 64 11 34 98 90 30 53 21 63 19 83 14 41 68 96 29 86 52 94 36 0 74 33 12 85 10 72 62 71 35 3 76 67 59 13 40 79 7 77 22 43 28 48 5 88 73 24 97 18 6 49 65 25 20 37 81 60 2 42 51 54 99 82 17 4 15 23 75 44 16 47 1 58 
TEST 68 ARG:18 23 75 6 58 25 53 97 9 1 94 65 88 98 84 13 47 41 26 17 29 51 4 69 42 15 54 78 40 62 48 90 20 74 87 19 86 35 45 27 92 37 82 36 59 12 14 21 72 30 67 49 68 39 3 96 85 32 56 31 50 16 28 80 91 63 71 8 70 81 60 89 52 61 2 66 7 33 10 79 46 57 77 24 73 5 76 93 83 55 64 95 38 0 99 43 34 22 11 44 
TEST 69 ARG:27 36 91 49 20 86 39 76 3 74 95 13 29 85 70 64 52 9 12 5 88 54 55 97 94 53 92 75 46 4 23 14 62 18 90 71 96 68 10 80 84 87 57 83 82 28 2 89 63 59 65 67 61 31 21 45 98 38 60 0 48 44 77 72 22 69 11 66 8 34 51 25 42 79 50 7 17 32 33 35 58 99 6 93 30 47 43 41 40 78 73 19 26 56 24 1 81 15 37 16 
TEST 70 ARG:9 1 21 93 12 37 72 55 19 87 24 53 22 33 15 23 82 80 69 61 50 26 67 18 65 5 88 36 8 99 3 62 48 49 54 27 43 6 66 29 77 74 58 40 16 7 59 4 28 64 45 51 84 68 85 79 52 71 92 31 34 32 86 57 70 42 98 41 10 95 14 91 60 81 94 25 90 13 75 39 56 73 17 2 44 20 96 78 11 97 83 46 89 76 38 0 63 47 35 30 
TEST 71 ARG:36 38 7 88 37 28 93 1 54 5 21 18 42 62 17 12 20 92 4 53 31 69 58 79 43 59 30 80 39 3 91 81 82 61 16 95 13 76 34 71 2 66 44 32 56 74 63 73 8 6 26 19 45 98 48 97 35 27 22 11 94 77 72 84 0 64 55 75 29 33 49 41 86 25 85 89 15 24 96 87 57 70 47 68 40 14 10 23 83 60 99 78 46 52 51 67 65 50 9 90 
TEST 72 ARG:19 55 74 73 76 64 56 34 1 48 40 63 84 43 67 95 94 59 78 81 29 62 72 54 97 23 39 12 85 89 20 57 69 82 60 45 51 68 24 46 36 13 22 21 65 9 90 14 44 79 26 99 42 77 52 33 88 58 0 3 28 83 66 38 86 96 27 37 93 2 16 92 91 10 15 4 70 30 53 49 71 32 11 25 98 17 6 61 50 8 87 75 18 47 7 31 41 80 35 5 
TEST 73 ARG:58 94 85 29 83 89 22 71 55 33 52 8 13 43 32 27 41 37 31 57 92 86 84 44 46 67 63 16 56 75 76 72 4 17 36 6 68 90 26 28 91 59 5 74 18 9 97 15 73 66 51 25 2 21 11 48 40 96 87 12 70 69 35 7 65 64 81 98 50 77 95 88 39 80 60 38 62 14 45 19 47 0 78 1 79 99 20 23 34 10 30 24 61 54 82 53 93 49 42 3 
TEST 74 ARG:4 36 64 52 59 29 50 10 39 82 42 11 40 69 20 99 80 37 9 68 14 79 61 77 58 56 47 81 5 53 96 3 34 85 23 73 13 48 0 86 97 32 27 95 90 18 19 91 35 49 12 2 22 25 28 15 26 21 41 63 51 1 46 6 84 57 54 8 67 31 44 71 65 24 66 88 43 98 38 16 87 72 78 45 92 83 62 76 75 60 33 7 93 89 30 55 74 94 17 70 
TEST 75 ARG:74 92 44 75 31 54 33 6 11 95 90 80 99 19 76 40 29 35 50 32 17 69 87 0 15 4 85 43 46 97 91 55 1 72 82 8 51 53 86 39 94 47 58 93 18 24 61 23 26 2 81 60 96 7 63 28 67 84 78 30 79 12 36 64 16 88 70 65 42 68 34 98 71 83 59 89 48 14 45 10 41 37 25 3 5 22 9 77 21 62 73 56 13 49 66 38 27 20 52 57 
TEST 76 ARG:68 32 62 75 74 52 94 83 27 35 76 65 1 9 55 70 46 43 19 87 2 11 80 84 7 86 48 90 56 78 67 69 66 57 95 64 31 79 24 42 12 26 82 15 89 3 37 23 44 53 47 50 0 38 92 14 54 63 41 91 4 60 21 13 10 73 20 39 99 36 30 17 72 33 16 28 93 77 8 88 45 40 59 85 22 5 18 29 49 61 98 71 58 97 34 96 81 25 6 51 
TEST 77 ARG:14 92 12 61 35 28 84 91 47 82 99 88 27 22 57 74 40 0 62 17 48 4 10 83 43 42 36 64 85 46 26 55 95 98 24 86 19 33 56 16 25 63 81 53 69 31 11 29 78 93 87 73 13 70 77 5 52 39 38 66 6 80 44 45 54 71 1 49 2 58 21 67 30 3 72 90 15 89 59 20 7 75 65 97 94 50 96 68 51 79 32 37 18 8 9 60 76 41 23 34 
TEST 78 ARG:33 17 68 87 89 76 74 57 28 38 81 43 90 36 75 79 45 53 83 1 71 65 46 82 12 78 88 50 40 8 14 10 97 29 25 11 96 22 70 15 5 72 35 91 19 18 55 59 0 39 86 32 99 20 44 34 63 37 26 3 9 49 64 73 24 21 62 98 93 52 92 47 4 48 23 31 69 13 41 2 94 61 7 16 66 67 56 6 54 30 27 80 84 58 95 85 51 42 77 60 
TEST 79 ARG:71 63 48 36 83 55 37 77 25 54 99 4 86 57 82 72 31 94 79 98 50 2 44 69 35 92 7 89 5 51 61 64 6 76 41 49 62 93 67 11 40 9 14 34 91 46 30 38 84 19 24 66 43 1 16 47 28 39 22 29 53 81 10 85 52 15 88 59 75 17 32 26 70 73 87 27 60 97 74 13 0 23 21 18 96 3 80 8 42 90 56 20 68 45 78 65 33 12 95 58 
TEST 80 ARG:20 95 65 76 50 14 22 47 61 28 41 81 34 55 21 88 96 40 26 79 35 23 66 77 2 48 12 64 4 29 46 49 68 15 19 87 39 51 36 70 86 31 78 99 24 56 38 0 33 16 30 9 91 13 67 94 42 60 72 43 69 6 83 27 10 74 71 58 53 18 54 80 44 93 8 59 92 52 25 3 73 62 85 84 32 1 45 11 82 17 5 90 63 57 75 37 7 97 98 89 
TEST 81 ARG:51 48 12 33 62 29 23 32 66 86 93 83 61 47 43 19 87 65 94 10 6 5 90 63 59 31 76 50 28 96 0 99 41 88 16 3 38 77 15 36 1 45 69 72 79 97 64 68 56 24 40 54 82 60 80 98 44 67 85 91 46 35 57 71 58 11 22 74 84 49 20 21 42 25 95 70 18 9 92 14 37 75 4 89 27 73 17 81 53 30 8 7 55 34 78 13 26 52 2 39 
TEST 82 ARG:33 62 99 74 76 21 67 26 29 27 63 95 82 94 54 89 56 61 65 88 6 40 19 8 42 32 22 86 77 78 60 10 4 12 69 24 66 73 70 17 46 43 13 41 16 11 55 64 5 23 1 9 59 45 36 58 79 84 49 90 44 0 97 48 87 39 14 35 52 92 15 71 25 81 30 98 57 85 37 28 50 91 18 80 96 47 31 83 51 53 2 3 34 93 72 68 7 38 20 75 
TEST 83 ARG:57 71 60 10 2 96 62 44 85 45 27 41 46 5 30 66 74 86 61 47 39 87 12 9 70 65 81 0 43 31 17 88 72 8 89 50 56 19 28 95 13 73 83 58 1 15 67 25 33 64 34 7 78 76 75 26 32 23 69 11 53 80 22 24 90 4 82 40 77 49 48 98 6 68 20 94 37 99 84 93 29 91 59 18 21 35 16 42 52 55 79 92 38 3 51 14 97 63 54 36 
TEST 84 ARG:16 9 76 17 50 80 88 10 8 44 25 79 0 18 28 69 93 92 42 40 49 35 71 82 62 90 14 89 31 53 39 74 45 1 11 24 29 19 91 41 34 68 87 98 48 3 65 4 72 30 86 2 58 36 99 33 97 47 32 55 77 12 27 85 95 6 13 21 81 63 66 26 37 67 84 56 38 22 46 51 5 54 83 43 75 94 78 70 73 23 64 59 60 15 7 52 20 96 57 61 
TEST 85 ARG:71 77 0 48 94 72 88 41 47 7 97 60 20 84 35 65 33 8 82 18 56 16 43 87 52 2 22 3 54 29 15 68 45 14 59 26 93 32 79 42 69 55 44 17 53 21 91 75 78 19 24 89 80 99 85 76 12 30 57 40 92 98 62 96 4 28 11 6 31 37 38 70 34 46 83 64 81 67 13 1 27 5 90 39 58 10 9 25 36 74 49 66 61 73 95 50 51 63 23 86 
TEST 86 ARG:53 43 86 96 49 68 23 32 11 2 15 33 75 45 65 70 27 93 51 58 98 34 0 41 26 18 62 5 73 77 47 69 16 54 28 79 4 52 19 25 88 37 22 92 72 94 35 60 90 89 78 9 3 6 46 31 12 56 24 83 39 64 74 50 17 80 66 97 13 38 30 10 57 55 84 71 40 8 67 36 61 59 63 48 29 76 99 87 82 14 7 91 85 42 20 95 1 44 21 81 
TEST 87 ARG:38 74 35 64 63 1 79 61 41 95 53 4 94 28 43 70 76 42 40 52 99 31 46 23 83 19 47 2 12 22 51 69 80 0 75 82 85 30 55 8 17 68 33 45 98 58 93 73 25 77 37 62 26 91 81 6 48 14 3 18 56 87 67 27 49 88 39 72 78 65 44 20 15 7 57 89 90 96 97 59 71 92 36 86 50 9 29 24 60 5 13 21 66 32 84 10 16 54 11 34 
TEST 88 ARG:59 70 6 33 8 54 76 44 64 23 38 34 49 97 94 31 86 74 53 69 48 89 61 30 13 96 79 60 5 87 37 14 52 27 84 16 25 68 99 35 26 24 95 98 2 40 32 7 93 39 51 91 21 90 9 42 46 1 50 55 12 20 36 11 56 10 57 88 81 15 92 71 78 28 67 80 17 43 66 29 72 65 83 45 77 4 85 18 58 22 19 63 47 41 73 0 82 3 75 62 
TEST 89 ARG:5 10 40 22 36 71 53 64 31 42 9 69 80 43 11 28 65 61 83 4 82 2 37 86 13 51 15 89 55 85 63 72 35 20 99 26 54 7 76 25 98 48 88 18 14 1 70 44 16 96 39 50 21 3 68 79 95 91 59 52 30 66 57 87 38 46 33 24 45 92 67 62 60 6 23 0 49 94 8 75 78 19 47 32 90 34 17 93 77 97 12 84 29 27 74 58 81 56 73 41 
TEST 90 ARG:68 81 62 42 10 92 22 91 73 87 28 18 64 85 90 67 56 96 8 38 78 40 23 95 88 13 98 12 47 76 94 41 80 65 66 15 70 36 16 84 49 57 89 25 7 97 5 83 59 26 35 20 51 17 45 75 1 34 53 77 69 0 19 48 63 44 54 43 21 82 39 99 55 71 79 50 46 60 32 86 14 72 24 30 74 3 9 2 29 31 93 52 4 61 58 37 6 27 11 33 
TEST 91 ARG:52 57 72 8 41 30 88 31 44 69 20 67 50 49 64 9 65 45 16 47 58 28 89 35 17 29 21 79 42 56 91 68 97 1 0 43 34 61 60 53 7 81 80 48 25 33 87 11 12 99 32 14 59 54 70 62 51 39 26 75 82 83 85 22 93 92 38 13 27 74 3 76 18 2 24 71 98 46 86 78 84 55 23 73 19 40 10 4 96 77 63 15 6 37 36 5 90 66 95 94 
TEST 92 ARG:93 42 65 66 11 84 76 58 81 95 51 85 2 75 38 74 55 31 54 57 39 87 6 60 89 59 34 32 1 98 7 71 73 80 70 64 37 27 14 0 21 50 29 56 41 36 33 10 78 62 18 83 35 40 12 4 45 77 82 47 19 15 67 44 94 20 92 72 28 26 22 86 5 13 90 52 91 9 3 43 61 8 96 24 49 23 53 48 68 99 25 63 79 88 97 69 30 17 16 46 
TEST 93 ARG:80 81 7 18 58 24 53 14 35 71 46 5 50 89 90 77 25 16 10 93 2 26 76 61 22 57 70 85 83 69 47 49 86 99 39 23 79 6 97 15 63 56 88 45 87 36 20 43 3 9 98 52 75 65 11 48 38 27 92 19 59 73 37 78 13 94 55 84 29 12 31 32 68 33 67 91 66 62 51 42 17 44 74 34 82 95 40 64 60 4 54 30 28 0 41 8 21 96 72 1 
TEST 94 ARG:2 52 1 92 39 33 81 8 65 95 72 56 91 50 54 48 97 78 27 98 60 51 35 0 34 94 42 96 32 82 41 44 89 49 40 59 31 23 29 93 4 67 63 7 76 6 64 3 86 90 25 70 10 20 55 38 88 69 74 57 22 37 46 53 19 85 79 84 18 21 16 36 45 73 24 77 80 9 66 87 71 58 61 26 83 11 47 17 68 14 99 75 62 15 43 12 30 5 28 13 
TEST 95 ARG:33 2 94 39 30 0 76 95 98 25 50 68 56 35 46 62 75 44 11 86 53 34 17 85 55 7 43 59 96 82 36 97 47 67 92 5 83 93 48 58 18 77 73 84 31 19 87 6 40 38 71 63 23 45 29 90 54 81 41 80 88 64 91 69 22 10 21 49 61 79 16 24 89 26 32 60 51 1 14 27 66 20 99 42 13 52 8 4 12 74 70 65 3 72 9 28 57 37 78 15 
TEST 96 ARG:97 17 27 2 85 26 42 58 60 19 16 71 15 63 92 13 46 57 81 28 91 18 64 95 73 14 22 83 4 8 23 82 29 33 36 74 89 94 9 32 6 37 47 87 56 45 96 34 40 76 12 66 11 39 75 59 79 86 93 55 98 61 44 62 65 52 30 84 67 77 48 51 21 69 72 80 54 5 1 78 35 7 3 41 68 10 31 43 25 0 88 20 70 38 99 24 53 49 90 50 
TEST 97 ARG:97 40 34 10 86 16 22 95 5 2 70 75 37 42 41 49 85 69 60 29 27 62 32 78 12 36 61 18 4 6 14 79 92 54 50 65 39 13 33 53 24 45 76 89 1 73 23 51 94 47 82 77 44 35 21 3 11 55 90 7 67 38 30 81 59 72 31 25 83 43 96 87 64 66 63 68 17 93 99 91 58 46 26 88 48 71 52 84 98 8 56 9 57 19 80 74 28 15 20 0 
TEST 98 ARG:88 55 73 79 19 37 68 66 17 23 63 60 42 92 3 70 97 74 64 91 87 76 29 56 46 89 90 14 10 12 82 34 85 15 77 5 25 83 22 94 98 43 41 47 21 45 49 11 35 86 58 69 78 31 7 0 39 75 16 30 20 40 67 81 95 65 26 84 53 48 54 44 61 4 9 80 1 96 72 71 6 32 2 27 36 93 62 18 50 57 24 13 59 28 8 99 51 33 52 38 
TEST 99 ARG:94 1 38 43 17 70 55 39 61 35 83 98 75 88 86 31 0 66 58 64 36 50 16 48 13 29 80 54 79 4 26 99 11 21 82 46 3 42 30 78 20 10 8 23 87 44 34 85 73 76 53 84 15 45 63 69 47 71 74 25 7 67 56 37 22 65 33 68 90 6 96 62 95 81 12 57 92 27 9 40 60 19 91 51 72 41 28 32 2 77 97 59 24 93 49 18 89 14 52 5 
TEST 100 ARG:47 95 36 33 24 74 32 54 27 39 43 78 92 4 59 10 44 97 77 31 73 35 80 65 0 49 88 45 40 83 20 58 13 38 55 15 16 98 25 19 71 30 69 89 12 60 28 34 9 5 76 91 1 66 68 18 11 86 67 3 85 53 2 96 41 48 94 61 84 63 22 14 62 51 87 7 21 72 56 64 90 75 17 29 42 26 79 70 57 99 93 52 50 37 46 6 23 8 81 82 
TEST 101 ARG:50 77 13 44 4 39 18 83 82 48 59 14 93 10 26 46 85 2 89 90 71 41 69 33 55 60 80 23 78 6 0 99 86 7 87 67 73 19 61 30 3 43 45 16 68 84 75 79 57 31 29 94 95 42 70 12 34 98 21 74 58 65 91 47 88 27 66 54 8 32 24 5 49 81 76 97 36 62 63 20 1 22 52 37 11 53 15 17 64 28 25 38 72 35 56 92 96 9 51 40 
TEST 102 ARG:76 6 55 66 93 69 21 0 74 54 84 86 44 83 16 15 94 78 90 49 28 46 45 48 56 26 82 40 81 1 87 8 29 64 97 9 96 32 36 30 20 4 58 3 19 68 31 63 18 34 71 91 41 33 70 25 89 7 57 85 24 37 95 98 38 60 88 27 51 11 14 79 99 50 5 52 72 92 17 43 53 61 22 42 35 39 59 10 13 77 75 23 2 62 67 80 12 65 47 73 
TEST 103 ARG:6 51 76 29 24 11 91 1 59 3 63 70 10 40 44 95 19 75 13 73 68 38 67 45 81 77 86 62 5 2 34 93 17 78 0 26 30 8 33 36 74 41 9 65 94 83 42 61 4 23 71 31 92 52 57 58 27 56 22 14 35 54 97 48 66 69 28 84 87 72 88 20 49 21 89 85 12 46 90 39 96 43 98 7 79 37 32 64 47 18 15 82 53 55 60 50 99 25 16 80 
TEST 104 ARG:21 23 30 37 94 25 60 43 51 28 36 80 83 76 67 2 34 10 64 24 74 98 8 38 65 71 75 33 29 50 32 39 42 31 53 17 11 97 93 18 15 44 73 88 40 95 82 84 0 13 57 59 46 1 66 72 26 77 90 91 9 87 20 48 41 62 96 89 55 56 27 79 70 45 68 35 58 22 78 6 99 61 85 12 52 5 47 14 81 3 92 86 69 4 49 7 16 63 19 54 
TEST 105 ARG:73 47 40 57 20 34 42 59 13 71 93 28 36 68 27 83 23 78 66 95 79 51 98 38 54 92 61 72 32 15 99 52 56 22 49 41 46 65 81 74 97 76 7 75 80 82 86 8 25 53 77 48 85 6 18 3 19 84 69 39 70 94 26 9 33 89 58 37 5 43 88 11 30 1 14 2 90 63 16 44 91 64 12 45 87 50 17 67 62 24 60 55 21 35 0 10 29 4 31 96 
TEST 106 ARG:95 32 97 68 41 96 16 33 25 85 92 75 55 19 6 59 60 24 79 74 10 98 93 30 28 7 72 2 0 11 54 83 70 76 12 52 40 84 86 27 8 22 57 99 58 88 44 67 18 23 42 17 53 9 14 48 20 47 5 56 62 39 31 80 90 29 66 4 1 26 36 63 73 78 37 49 50 82 3 69 77 87 81 34 51 64 61 94 21 65 35 15 13 89 46 43 38 71 91 45 
TEST 107 ARG:7 48 19 3 14 49 32 30 40 35 44 88 36 73 80 37 82 86 6 99 72 51 90 31 68 53 42 54 23 0 24 75 93 74 66 61 87 83 91 39 47 77 46 81 50 60 21 70 33 45 55 15 79 9 85 22 97 84 18 17 27 64 34 56 20 28 98 96 65 12 92 1 8 89 62 2 38 43 76 25 4 10 59 52 94 16 26 71 58 95 63 57 67 41 11 5 13 29 78 69 
TEST 108 ARG:41 88 69 17 19 82 72 61 84 31 64 92 49 7 25 91 11 81 42 24 39 58 85 50 35 89 93 15 2 51 20 4 56 36 29 46 12 30 52 34 22 13 68 44 40 63 73 45 23 0 28 87 99 21 38 54 5 3 80 65 59 78 62 90 10 9 47 67 83 74 1 86 79 98 97 18 60 8 6 55 71 77 26 33 57 96 32 66 27 43 75 94 14 95 37 53 76 16 70 48 
TEST 109 ARG:1 20 49 13 21 67 46 55 7 69 61 12 43 56 72 47 98 18 19 14 24 5 64 93 3 73 30 59 31 41 76 99 86 48 16 85 28 33 10 63 84 38 2 82 74 58 9 89 23 8 44 32 54 78 60 40 35 52 83 26 36 37 88 57 25 77 53 15 34 42 95 92 65 66 97 80 81 50 39 4 91 79 68 71 90 29 70 17 11 6 51 94 0 45 62 87 27 96 22 75 
TEST 110 ARG:12 56 50 79 29 21 93 52 99 95 86 20 30 81 16 33 58 41 14 48 6 64 65 31 44 32 67 18 98 42 80 57 47 53 25 1 45 17 85 34 97 11 96 66 89 51 83 4 23 72 63 2 9 40 54 60 70 35 77 36 22 92 84 71 39 27 8 68 38 61 75 5 91 87 76 78 88 59 94 37 19 74 28 24 43 15 62 46 69 13 82 49 3 73 0 90 26 7 10 55 
TEST 111 ARG:32 50 69 9 13 39 17 42 26 5 93 2 77 3 49 44 78 97 99 31 71 51 4 29 10 87 12 64 61 82 0 88 46 1 53 23 55 34 68 59 63 91 19 74 36 79 66 48 80 60 57 37 40 43 56 62 11 70 7 25 18 58 30 28 75 35 90 41 20 45 83 81 24 38 21 14 33 67 6 95 94 73 96 52 89 84 54 92 98 16 27 65 15 86 47 72 8 85 76 22 
TEST 112 ARG:58 90 39 45 79 91 84 23 24 20 56 64 48 59 29 11 93 97 40 86 53 1 62 30 35 17 22 28 9 37 72 69 12 63 38 2 76 75 88 26 92 65 78 25 18 85 57 80 42 43 83 49 71 46 67 0 96 66 5 74 94 55 21 15 36 52 34 82 51 50 31 27 70 4 13 99 54 61 47 98 10 44 3 6 87 77 19 32 41 14 89 33 73 60 8 7 81 95 16 68 
TEST 113 ARG:36 20 43 48 38 4 94 83 64 66 61 77 86 8 97 56 2 28 87 45 50 88 80 13 3 70 15 25 93 55 82 54 84 47 58 35 79 67 59 29 10 71 17 5 78 41 95 96 73 21 37 90 75 57 9 14 49 65 62 69 11 31 0 85 16 33 52 26 18 92 53 32 22 98 44 51 42 40 81 23 76 63 19 30 1 89 72 6 60 68 99 24 12 39 46 34 74 7 91 27 
TEST 114 ARG:82 54 81 67 65 23 40 44 73 28 21 47 18 9 12 64 10 31 32 89 8 33 14 27 69 15 34 87 16 90 11 24 46 78 96 76 55 19 22 48 49 71 91 93 37 6 77 72 75 35 52 63 53 20 4 3 62 88 92 30 7 17 74 51 85 68 42 50 29 79 5 86 43 70 83 99 80 39 45 56 61 59 97 2 57 41 58 66 95 1 94 60 13 84 25 0 38 98 36 26 
TEST 115 ARG:26 59 30 56 35 65 77 58 67 66 50 9 71 21 80 45 40 51 54 53 39 85 31 13 10 68 28 3 49 32 0 38 61 97 98 73 17 44 70 94 91 88 81 75 12 25 90 11 55 37 36 60 1 19 47 79 62 43 6 99 33 87 92 83 42 96 23 78 27 34 2 57 93 46 48 22 74 4 24 14 15 82 7 86 52 69 84 18 29 76 20 95 72 5 89 64 41 16 63 8 
TEST 116 ARG:8 56 40 26 75 32 5 1 74 52 71 96 41 20 87 38 24 42 60 13 6 58 63 48 45 14 9 19 35 31 59 89 2 53 88 27 10 39 37 22 34 33 7 0 73 66 91 50 11 92 54 70 95 93 84 98 72 29 3 44 62 61 30 46 15 55 78 18 49 36 86 69 25 90 81 83 43 82 16 76 21 99 47 80 51 57 64 85 4 65 94 28 97 12 68 17 79 67 23 77 
TEST 117 ARG:68 9 58 47 41 66 14 52 81 36 60 17 91 34 0 45 65 89 53 27 51 49 62 3 67 78 8 84 93 54 26 97 74 82 30 76 32 80 29 64 23 95 72 56 55 19 12 2 6 20 73 70 38 13 10 86 57 96 46 83 28 4 85 94 15 71 50 18 16 99 61 88 40 69 87 79 98 92 31 25 59 42 77 75 21 33 5 24 11 48 1 35 39 90 63 43 37 44 22 7 
TEST 118 ARG:94 6 39 81 1 13 98 42 24 22 0 83 65 47 31 45 51 78 61 87 96 95 10 55 19 67 89 53 25 2 72 84 14 32 37 80 73 48 88 44 16 12 26 58 30 15 20 40 46 69 49 34 52 60 85 90 9 29 38 57 86 66 62 70 7 75 79 68 71 93 74 91 92 54 56 11 82 43 99 50 21 63 18 17 64 41 97 4 3 23 27 35 76 8 36 33 77 5 59 28 
TEST 119 ARG:25 3 49 54 32 85 80 0 55 9 31 71 14 98 82 7 62 30 95 92 61 35 46 94 73 53 86 48 89 39 26 34 33 47 28 8 74 58 59 56 79 91 45 63 16 93 57 20 87 90 19 18 5 99 77 43 96 60 88 12 23 44 2 11 36 22 27 65 42 21 6 40 68 10 78 81 41 38 84 70 13 97 66 37 83 50 4 67 15 24 76 29 75 17 64 1 72 51 69 52 
TEST 120 ARG:29 64 31 60 74 63 97 11 33 52 43 24 49 19 92 91 30 67 65 25 10 27 58 47 56 90 37 78 15 94 87 13 6 4 93 21 95 38 80 89 51 22 26 54 3 5 81 96 57 16 71 82 70 98 86 50 9 84 45 99 69 59 1 62 17 88 44 48 53 12 41 2 61 76 23 36 7 39 77 85 75 20 68 34 66 73 18 83 72 42 32 40 55 46 28 35 8 79 0 14 
TEST 121 ARG:9 51 49 99 71 39 30 68 61 7 86 21 87 46 83 24 1 5 70 73 60 14 67 34 10 72 64 59 98 77 43 82 50 75 15 96 20 44 40 89 18 19 33 36 45 92 53 55 3 95 16 93 41 42 62 65 26 12 32 56 13 22 4 52 78 25 81 79 66 63 23 37 35 31 27 38 57 97 28 88 69 94 29 80 91 58 6 76 48 0 85 90 74 2 17 54 11 47 8 84 
TEST 122 ARG:72 56 3 23 53 74 22 29 7 48 44 99 33 58 6 92 64 81 83 43 77 82 91 32 52 98 38 84 61 73 68 4 30 41 65 12 2 51 13 89 1 34 27 21 85 76 59 86 45 93 0 75 37 9 46 54 66 80 16 94 42 70 97 69 62 47 96 19 31 36 15 71 67 40 88 8 14 57 49 28 10 20 63 26 17 35 78 18 50 24 39 79 25 5 11 95 87 60 55 90 
TEST 123 ARG:71 34 2 8 68 93 84 16 3 35 51 37 46 73 1 39 83 75 6 81 55 67 77 38 20 69 10 79 60 58 89 21 29 36 40 57 23 70 31 43 15 24 17 13 82 49 64 45 78 27 74 91 53 66 47 28 65 48 54 19 95 33 99 85 50 97 96 0 32 5 92 76 94 14 63 22 25 72 56 9 42 87 62 88 44 11 7 4 98 52 90 80 59 86 18 41 26 12 30 61 
TEST 124 ARG:83 61 95 86 50 92 58 73 5 75 4 53 30 52 39 45 81 32 42 49 31 27 29 97 93 82 16 18 57 99 59 66 78 85 69 3 38 37 43 12 74 84 46 89 60 54 56 90 41 7 71 77 8 51 15 6 28 63 25 0 64 34 70 72 24 1 55 2 88 48 35 44 21 76 40 17 65 96 22 67 91 33 79 23 20 26 36 98 19 11 9 80 13 14 87 62 10 47 94 68 
TEST 125 ARG:16 25 39 90 58 97 21 8 11 10 78 19 47 32 63 51 23 7 75 66 89 83 80 0 38 82 59 31 61 18 27 81 41 67 28 40 29 92 42 69 93 46 95 56 94 30 5 79 91 60 43 64 24 77 71 96 12 6 3 35 33 85 70 44 55 15 72 52 48 54 68 87 9 86 37 22 26 45 34 74 99 13 98 84 73 14 1 76 65 62 88 49 57 2 50 17 36 20 4 53 
TEST 126 ARG:12 3 72 16 82 17 32 35 93 87 2 71 22 60 75 77 40 92 81 65 11 30 99 48 9 58 64 42 44 29 27 83 24 10 49 0 50 94 39 25 90 61 86 62 23 20 55 43 84 63 95 73 36 21 31 15 34 88 69 85 5 57 26 33 13 54 1 4 79 7 66 68 67 51 46 18 41 45 56 28 89 59 37 19 70 80 78 8 14 53 74 91 47 97 98 6 96 76 38 52 
TEST 127 ARG:94 44 36 17 25 75 8 77 85 93 35 24 66 79 59 78 92 20 7 42 76 9 14 22 15 72 95 12 19 21 71 51 83 46 28 63 3 23 98 2 86 91 96 30 47 41 57 16 70 50 10 6 34 60 69 89 61 65 58 32 99 88 74 27 31 43 52 39 45 67 68 5 4 87 73 49 26 11 84 40 33 1 90 54 62 29 0 53 97 82 81 38 56 37 48 80 13 55 18 64 
TEST 128 ARG:73 46 17 92 50 14 90 27 81 70 98 10 65 85 60 42 76 28 13 2 68 40 6 94 1 18 45 41 63 22 8 67 83 58 12 61 52 91 5 95 88 79 74 19 32 57 72 30 97 11 93 31 82 16 51 23 4 89 35 3 29 25 43 80 53 36 44 69 48 39 37 59 38 71 78 56 62 47 34 20 49 87 9 0 24 55 86 84 77 96 21 33 66 15 75 99 26 7 54 64 
TEST 129 ARG:53 75 50 67 20 40 7 6 81 97 48 55 31 69 34 26 72 73 22 10 82 33 13 52 17 29 42 88 76 57 83 85 90 98 3 15 11 44 45 63 12 43 51 68 74 95 8 99 18 58 79 0 23 89 30 60 39 91 38 32 49 36 93 1 25 16 54 9 70 66 61 86 4 71 62 56 24 84 21 19 78 5 37 92 28 2 14 27 64 96 46 59 35 94 77 65 47 80 41 87 
TEST 130 ARG:58 48 24 14 83 42 0 20 6 40 93 81 35 96 98 2 39 76 33 23 94 38 43 75 85 7 25 62 36 64 59 55 32 46 78 31 73 17 57 79 41 72 91 27 65 53 19 4 47 77 29 10 21 3 97 9 37 5 60 71 86 22 67 15 26 63 68 70 80 84 82 18 12 8 51 44 50 54 30 92 61 49 69 16 52 66 99 88 74 1 34 28 11 95 45 87 13 56 90 89 
TEST 131 ARG:54 77 23 27 14 88 96 2 29 30 11 73 34 86 65 72 42 18 15 50 95 26 3 82 89 56 53 37 12 24 21 39 6 20 93 38 57 4 90 81 45 51 43 17 35 58 41 85 66 36 13 80 22 47 28 87 99 33 76 79 92 59 19 75 64 60 91 84 10 69 9 83 0 74 62 61 52 25 46 67 32 71 78 7 63 40 16 5 31 44 55 97 48 68 70 8 94 1 98 49 
TEST 132 ARG:70 60 97 5 11 36 57 10 82 83 99 77 2 27 14 50 94 44 32 69 85 42 47 7 23 16 39 34 67 24 56 74 26 72 46 89 98 33 68 59 21 55 45 41 95 15 49 58 19 79 78 62 52 22 3 71 9 12 93 30 8 38 86 25 6 31 64 76 1 51 4 20 48 43 90 28 40 84 18 61 13 35 92 54 53 81 0 65 75 91 73 17 87 96 29 37 66 63 80 88 
TEST 133 ARG:14 64 0 86 84 81 93 91 58 88 98 4 87 24 29 19 22 92 36 41 74 1 30 39 62 85 54 82 25 55 11 90 46 66 5 61 34 70 2 72 27 10 13 57 26 50 51 53 48 69 45 97 16 99 49 75 76 3 60 42 80 12 6 65 52 35 31 96 95 68 94 20 17 9 18 71 78 33 38 67 15 59 63 21 28 37 44 79 40 43 89 47 7 83 73 8 56 23 32 77 
TEST 134 ARG:30 61 84 76 4 25 51 86 82 36 37 96 77 10 17 26 46 71 57 64 0 80 38 5 11 19 88 78 31 3 62 6 47 21 33 56 60 2 54 72 43 8 15 13 98 53 12 27 52 35 85 97 34 69 42 75 32 28 66 87 23 18 65 59 91 24 7 48 94 16 39 73 22 92 44 63 45 90 55 79 9 58 49 41 70 89 14 20 68 74 1 99 81 83 93 29 95 50 67 40 
TEST 135 ARG:47 96 25 10 19 23 56 81 63 12 71 14 55 57 39 2 15 37 61 94 3 90 89 36 68 92 80 48 75 98 26 65 60 18 27 5 24 40 33 86 20 99 9 43 46 52 21 49 8 73 51 7 91 79 95 93 78 50 28 64 41 42 76 58 38 30 13 29 44 11 4 88 97 22 54 45 72 84 34 70 82 0 85 32 6 66 62 53 16 77 87 31 1 83 69 59 74 17 67 35 
TEST 136 ARG:68 10 53 97 80 49 37 81 85 46 98 72 12 86 38 74 14 9 40 34 42 84 21 39 51 63 87 99 54 89 2 73 18 3 52 78 13 23 48 22 91 26 20 77 35 79 83 62 5 67 32 25 47 82 30 29 76 19 0 59 16 66 94 95 6 90 65 33 93 43 36 55 11 27 71 96 1 58 24 45 61 75 88 28 64 70 41 56 7 50 4 60 69 31 15 92 8 17 57 44 
TEST 137 ARG:67 44 48 18 54 90 14 72 4 19 85 16 58 62 1 77 36 29 7 82 73 46 11 86 21 75 65 39 70 33 24 41 38 78 97 79 91 93 57 99 94 56 71 81 92 13 43 49 45 52 30 59 42 6 55 0 40 9 60 34 87 61 3 53 47 26 96 27 25 88 63 84 98 12 32 8 28 51 5 22 76 17 20 15 83 68 10 2 95 23 35 89 50 64 31 74 80 69 66 37 
TEST 138 ARG:83 95 86 59 42 27 50 69 57 2 29 81 34 65 48 30 56 21 44 82 64 78 53 73 46 36 1 89 71 88 49 84 28 80 90 99 63 26 96 58 91 60 24 12 7 76 5 62 25 43 6 0 9 32 51 54 41 70 15 74 39 38 92 17 18 14 72 31 66 13 77 97 23 67 68 79 61 98 4 33 93 16 85 55 75 87 94 52 35 19 3 11 8 40 10 45 22 47 37 20 
TEST 139 ARG:53 31 17 68 46 13 76 37 6 42 12 77 16 7 10 19 36 63 22 38 30 39 56 81 94 40 4 86 23 88 50 32 91 5 82 11 41 95 49 79 69 98 96 83 55 62 48 73 80 35 28 26 87 59 9 97 54 45 85 72 65 2 99 8 70 64 51 57 29 18 93 20 66 27 67 58 61 47 34 15 44 0 43 24 84 89 74 21 78 71 52 92 14 33 3 90 75 25 60 1 
TEST 140 ARG:91 44 93 37 90 31 76 80 57 72 77 73 1 74 65 87 34 13 99 42 84 60 32 81 79 47 83 75 55 25 36 29 7 61 22 5 86 51 78 0 67 98 40 69 88 3 66 53 95 89 19 43 38 23 15 11 28 33 64 82 70 18 4 85 17 35 52 92 59 54 58 2 26 10 62 9 50 30 45 48 21 24 46 16 39 20 8 14 12 56 71 27 94 6 68 41 97 96 63 49 
